campaign	temp	IN conc cm-3	lat	lon	alt hpa	notes
INSPECT-I	-34.17	0.01273	40.455	-106.744	1000	0
INSPECT-I	-33.62	0.03123	40.455	-106.744	1000	0
INSPECT-I	-33.28	0.01173	40.455	-106.744	1000	0
INSPECT-I	-33	0.07174	40.455	-106.744	1000	0
INSPECT-I	-32.53	0.10335	40.455	-106.744	1000	0
INSPECT-I	-31.4	0.00795	40.455	-106.744	1000	0
INSPECT-I	-31.33	0.07308	40.455	-106.744	1000	0
INSPECT-I	-30.82	0.00854	40.455	-106.744	1000	0
INSPECT-I	-30.42	0.00611	40.455	-106.744	1000	0
INSPECT-I	-30.42	0.10358	40.455	-106.744	1000	0
INSPECT-I	-30.18	0.00374	40.455	-106.744	1000	0
INSPECT-I	-28.83	0.03602	40.455	-106.744	1000	0
INSPECT-I	-26.87	0.03219	40.455	-106.744	1000	0
INSPECT-II	-31.8	0.019	40.455	-106.744	1000	0
INSPECT-II	-30.08	0.0174	40.455	-106.744	1000	0
INSPECT-II	-25.82	0.00014	40.455	-106.744	1000	0
INSPECT-II	-25.59	0.00055	40.455	-106.744	1000	0
INSPECT-II	-25.43	0.00135	40.455	-106.744	1000	0
INSPECT-II	-24.04	0.00153	40.455	-106.744	1000	0
INSPECT-II	-23.43	0.01119	40.455	-106.744	1000	0
INSPECT-II	-23.32	0.00318	40.455	-106.744	1000	0
INSPECT-II	-23.27	0.00137	40.455	-106.744	1000	0
INSPECT-II	-16.77	0.00097	40.455	-106.744	1000	0
INSPECT-II	-14.79	0.00151	40.455	-106.744	1000	0
AMAZE-08	-31.88	0.00893	-2.594583333	-60.20928333	1000	0
AMAZE-08	-31.55	0.00641	-2.594583333	-60.20928333	1000	0
AMAZE-08	-31.53	0.00225	-2.594583333	-60.20928333	1000	0
AMAZE-08	-31.42	0.00233	-2.594583333	-60.20928333	1000	0
AMAZE-08	-31.29	0.00348	-2.594583333	-60.20928333	1000	0
AMAZE-08	-31.27	0.00783	-2.594583333	-60.20928333	1000	0
AMAZE-08	-31.02	0.00374	-2.594583333	-60.20928333	1000	0
AMAZE-08	-30.92	0.01313	-2.594583333	-60.20928333	1000	0
AMAZE-08	-30.89	0.01631	-2.594583333	-60.20928333	1000	0
AMAZE-08	-30.74	0.01147	-2.594583333	-60.20928333	1000	0
AMAZE-08	-30.74	0.01593	-2.594583333	-60.20928333	1000	0
AMAZE-08	-30.67	0.01127	-2.594583333	-60.20928333	1000	0
AMAZE-08	-30.59	0.01149	-2.594583333	-60.20928333	1000	0
AMAZE-08	-30.57	0.00323	-2.594583333	-60.20928333	1000	0
AMAZE-08	-30.5	0.00606	-2.594583333	-60.20928333	1000	0
AMAZE-08	-30.45	0.01412	-2.594583333	-60.20928333	1000	0
AMAZE-08	-30.42	0.01233	-2.594583333	-60.20928333	1000	0
AMAZE-08	-30.42	0.0113	-2.594583333	-60.20928333	1000	0
AMAZE-08	-30.4	0.01368	-2.594583333	-60.20928333	1000	0
AMAZE-08	-30.39	0.01138	-2.594583333	-60.20928333	1000	0
AMAZE-08	-30.37	0.01329	-2.594583333	-60.20928333	1000	0
AMAZE-08	-30.36	0.01882	-2.594583333	-60.20928333	1000	0
AMAZE-08	-30.36	0.00815	-2.594583333	-60.20928333	1000	0
AMAZE-08	-30.33	0.0124	-2.594583333	-60.20928333	1000	0
AMAZE-08	-30.33	0.01453	-2.594583333	-60.20928333	1000	0
AMAZE-08	-30.32	0.00622	-2.594583333	-60.20928333	1000	0
AMAZE-08	-30.27	0.00923	-2.594583333	-60.20928333	1000	0
AMAZE-08	-30.2	0.01842	-2.594583333	-60.20928333	1000	0
AMAZE-08	-30.18	0.01027	-2.594583333	-60.20928333	1000	0
AMAZE-08	-30.17	0.01318	-2.594583333	-60.20928333	1000	0
AMAZE-08	-30.16	0.02604	-2.594583333	-60.20928333	1000	0
AMAZE-08	-30.12	0.01469	-2.594583333	-60.20928333	1000	0
AMAZE-08	-30.09	0.00258	-2.594583333	-60.20928333	1000	0
AMAZE-08	-30	0.00758	-2.594583333	-60.20928333	1000	0
AMAZE-08	-29.98	0.01848	-2.594583333	-60.20928333	1000	0
AMAZE-08	-29.97	0.01236	-2.594583333	-60.20928333	1000	0
AMAZE-08	-29.97	0.01575	-2.594583333	-60.20928333	1000	0
AMAZE-08	-29.69	0.00598	-2.594583333	-60.20928333	1000	0
AMAZE-08	-29.5	0.01248	-2.594583333	-60.20928333	1000	0
AMAZE-08	-29.46	0.00052	-2.594583333	-60.20928333	1000	0
AMAZE-08	-29	0.017	-2.594583333	-60.20928333	1000	0
AMAZE-08	-28.58	0.00672	-2.594583333	-60.20928333	1000	0
AMAZE-08	-28.53	0.00461	-2.594583333	-60.20928333	1000	0
AMAZE-08	-28.11	0.00554	-2.594583333	-60.20928333	1000	0
AMAZE-08	-27.94	0.00057	-2.594583333	-60.20928333	1000	0
AMAZE-08	-25.19	0.00347	-2.594583333	-60.20928333	1000	0
AMAZE-08	-24.98	0.00202	-2.594583333	-60.20928333	1000	0
AMAZE-08	-23.64	0.00372	-2.594583333	-60.20928333	1000	0
AMAZE-08	-23.57	0.00151	-2.594583333	-60.20928333	1000	0
AMAZE-08	-23.53	0.0084	-2.594583333	-60.20928333	1000	0
AMAZE-08	-23.37	0.00461	-2.594583333	-60.20928333	1000	0
AMAZE-08	-23.26	0.00251	-2.594583333	-60.20928333	1000	0
AMAZE-08	-23.22	0.0005	-2.594583333	-60.20928333	1000	0
AMAZE-08	-22.93	0.00053	-2.594583333	-60.20928333	1000	0
AMAZE-08	-22.88	0.00195	-2.594583333	-60.20928333	1000	0
AMAZE-08	-22.13	0.00164	-2.594583333	-60.20928333	1000	0
AMAZE-08	-22.02	0.00211	-2.594583333	-60.20928333	1000	0
AMAZE-08	-21.99	0.00024	-2.594583333	-60.20928333	1000	0
AMAZE-08	-21.99	0.00024	-2.594583333	-60.20928333	1000	0
AMAZE-08	-21.68	0.0004	-2.594583333	-60.20928333	1000	0
AMAZE-08	-20.22	0.00057	-2.594583333	-60.20928333	1000	0
AMAZE-08	-18.88	0.0007	-2.594583333	-60.20928333	1000	0
AMAZE-08	-17.73	0.00176	-2.594583333	-60.20928333	1000	0
WISP94	-9.38	0.001	41.145556	-104.801944	680	taken cheyenne as approx centre of box given by paul
WISP94	-9.17	0.00073	41.145556	-104.801944	880	0
WISP94	-9.4	0.00025	41.145556	-104.801944	790	0
WISP94	-11	0.00067	41.145556	-104.801944	640	0
WISP94	-11.35	0.00018	41.145556	-104.801944	645	0
WISP94	-11.3	0.00016	41.145556	-104.801944	770	0
WISP94	-12.88	0.00016	41.145556	-104.801944	645	0
WISP94	-13.2	0.00107	41.145556	-104.801944	555	0
WISP94	-13	0.0003	41.145556	-104.801944	520	0
WISP94	-13.1	0.00024	41.145556	-104.801944	750	0
WISP94	-14.23	0.00022	41.145556	-104.801944	640	0
WISP94	-15.93	0.00022	41.145556	-104.801944	730	0
WISP94	-15.85	0.00028	41.145556	-104.801944	750	0
WISP94	-15.95	0.01889	41.145556	-104.801944	555	0
WISP94	-16.1	0.00206	41.145556	-104.801944	520	0
WISP94	-16.15	0.00056	41.145556	-104.801944	590	0
WISP94	-16.5	0.00019	41.145556	-104.801944	519	0
WISP94	-18.07	0.00096	41.145556	-104.801944	569	0
WISP94	-18.2	0.00056	41.145556	-104.801944	514.8	0
WISP94	-18.7	0.00844	41.145556	-104.801944	340	0
ICE-L Ambient	-34.33	0.03735	41.145556	-104.801944	624.1998388	0
ICE-L Ambient	-34.15	0.00398	41.145556	-104.801944	424.64	0
ICE-L Ambient	-33.51	0.04862	41.145556	-104.801944	648.80676	0
ICE-L Ambient	-33.08	0.00532	41.145556	-104.801944	440.7881008	0
ICE-L Ambient	-33.04	0.00571	41.145556	-104.801944	501.431775	0
ICE-L Ambient	-32.56	0.00218	41.145556	-104.801944	407.397	0
ICE-L Ambient	-31.95	0.00226	41.145556	-104.801944	539.027	0
ICE-L Ambient	-31.89	0.01295	41.145556	-104.801944	723.8377453	0
ICE-L Ambient	-31.63	0.00823	41.145556	-104.801944	513.84965	0
ICE-L Ambient	-30.66	0.0014	41.145556	-104.801944	426.6606566	0
ICE-L Ambient	-30.61	0.00188	41.145556	-104.801944	399.4508737	0
ICE-L Ambient	-30.45	0.00566	41.145556	-104.801944	598.6706744	0
ICE-L Ambient	-30.34	0.00217	41.145556	-104.801944	401.0144854	0
ICE-L Ambient	-29.98	3E-05	41.145556	-104.801944	404.8856471	0
ICE-L Ambient	-29.81	0.00202	41.145556	-104.801944	522.388	0
ICE-L Ambient	-29.78	0.00181	41.145556	-104.801944	463.211	0
ICE-L Ambient	-26.84	0.00168	41.145556	-104.801944	565.999	0
ICE-L Ambient	-26.77	0.00147	41.145556	-104.801944	384.988	0
ICE-L Ambient	-26.73	0.00059	41.145556	-104.801944	629.198	0
ICE-L Ambient	-26.23	0.0032	41.145556	-104.801944	686.981	0
ICE-L Ambient	-26.11	0.00296	41.145556	-104.801944	546.733	0
ICE-L Ambient	-25.64	9E-05	41.145556	-104.801944	564.854	0
ICE-L Ambient	-25.58	0.00115	41.145556	-104.801944	424.742	0
ICE-L Ambient	-25.58	0.00126	41.145556	-104.801944	536.62	0
ICE-L Ambient	-25.49	0.00046	41.145556	-104.801944	620.031	0
ICE-L Ambient	-25.42	0.00017	41.145556	-104.801944	722.509	0
ICE-L Ambient	-24.42	0.00284	41.145556	-104.801944	572.572	0
ICE-L Ambient	-24.32	0.00121	41.145556	-104.801944	632.696	0
ICE-L Ambient	-24.2	0.00199	41.145556	-104.801944	621.036	0
ICE-L Ambient	-23.35	0.0034	41.145556	-104.801944	546.0259	0
ICE-L Ambient	-21.49	0.00448	41.145556	-104.801944	716.74	0
ICE-L CVI	-34.93	4E-05	41.145556	-104.801944	388.526	0
ICE-L CVI	-33.23	0.00531	41.145556	-104.801944	369.333	0
ICE-L CVI	-33.11	0.00133	41.145556	-104.801944	381.4685	0
ICE-L CVI	-32.78	0.00011	41.145556	-104.801944	381.4255	0
ICE-L CVI	-32.77	3E-05	41.145556	-104.801944	524.012	0
ICE-L CVI	-30.8	0.00136	41.145556	-104.801944	423.8659	0
ICE-L CVI	-30.7	0.00013	41.145556	-104.801944	381.8277	0
ICE-L CVI	-30.56	0.00152	41.145556	-104.801944	389.718	0
ICE-L CVI	-30.45	0.00018	41.145556	-104.801944	421.47	0
ICE-L CVI	-30.35	0.00021	41.145556	-104.801944	399.726	0
ICE-L CVI	-30.17	4E-05	41.145556	-104.801944	382.324	0
ICE-L CVI	-29.91	0.00016	41.145556	-104.801944	504.582	0
ICE-L CVI	-29.86	0.00015	41.145556	-104.801944	412.722	0
ICE-L CVI	-28.64	0.00032	41.145556	-104.801944	408.4751	0
ICE-L CVI	-28.34	2E-05	41.145556	-104.801944	554.812	0
ICE-L CVI	-28.24	5E-05	41.145556	-104.801944	535.445	0
ICE-L CVI	-27.22	0.00093	41.145556	-104.801944	390.054	0
ICE-L CVI	-26.96	0.00015	41.145556	-104.801944	542.834	0
ICE-L CVI	-26.57	0.00026	41.145556	-104.801944	425.405	0
ICE-L CVI	-25.98	0.00028	41.145556	-104.801944	320.699	0
ICE-L CVI	-25.52	0.00012	41.145556	-104.801944	539.41	0
ICE-L CVI	-25.48	0.00029	41.145556	-104.801944	633.117	0
ICE-L CVI	-25.39	0.00024	41.145556	-104.801944	548.572	0
ICE-L CVI	-24.16	7E-05	41.145556	-104.801944	588.346	0
ICE-L CVI	-23.31	8E-05	41.145556	-104.801944	544.179	0
ICE-L CVI	-23.16	4E-05	41.145556	-104.801944	636.243	0
ICE-L CVI	-22.93	1E-05	41.145556	-104.801944	299.184	0
Bigg73	-15	2E-05	-16.25	133.3667	1000	0
Bigg73	-15	1.6E-05	-16.9186	145.779	1000	0
Bigg73	-15	1.8E-05	-19.25	146.8	1000	0
Bigg73	-15	1.4E-05	-21.1454	149.1885	1000	0
Bigg73	-15	2.5E-05	-20.7	140.5	1000	0
Bigg73	-15	2.3E-05	-23.7	133.87	1000	0
Bigg73	-15	2.5E-05	-27.5333	135.433	1000	0
Bigg73	-15	1.7E-05	-32.1167	133.6667	1000	0
Bigg73	-15	2.3E-05	-37.8301	140.7802	1000	0
Bigg73	-15	1.4E-05	-34.1846	142.165	1000	0
Bigg73	-15	1.5E-05	-40.959	148.0088	1000	0
Bigg73	-15	2.3E-05	-27.433	153.083	1000	0
Bigg73	-15	2.1E-05	-26.4	146.25	1000	0
Bigg73	-15	1.1E-05	-31.55	159.0833	1000	0
Bigg73	-15	7.4E-05	-29.7167	151.75	1000	0
Bigg73	-15	5.4E-05	-30.302	153.1189	1000	0
Bigg73	-15	4.9E-05	-31.0833	150.9167	1000	0
Bigg73	-15	1.8E-05	-31.4833	145.8	1000	0
Bigg73	-15	6.7E-05	-37.937	145.009	1000	0
Bigg73	-15	6.2E-05	-34.7547	149.7186	1000	0
Bigg73	-15	2.3E-05	-35.1189	147.3689	1000	0
Bigg73	-15	2.6E-05	-38.0983	147.15	1000	0
Bigg73	-15	2.2E-05	-41.55	147.217	1000	0
Bigg73	-15	2.3E-05	-42.8806	147.325	1000	0
CLEX	-34.86	0.00148	45.05	-77.85	585	taken bancroft, ON as approx centre of triangle given by paul
CLEX	-33.82	0.03487	45.05	-77.85	495	0
CLEX	-33.67	0.00367	45.05	-77.85	450	0
CLEX	-33.18	0.00401	45.05	-77.85	460	0
CLEX	-32.99	0.01854	45.05	-77.85	493	0
CLEX	-32.3	0.00117	45.05	-77.85	612	0
CLEX	-28.15	0.0003	45.05	-77.85	721	0
CLEX	-27.06	0.00128	45.05	-77.85	600	0
CLEX	-26.9	0.00088	45.05	-77.85	695	0
CLEX	-26.8	0.00135	45.05	-77.85	620	0
CLEX	-26.8	0.0109	45.05	-77.85	537	0
CLEX	-26.56	0.00655	45.05	-77.85	832	0
CLEX	-26.39	0.00263	45.05	-77.85	640	0
CLEX	-26.24	0.00409	45.05	-77.85	900	0
CLEX	-26.2	0.0016	45.05	-77.85	520	0
CLEX	-25.95	0.00571	45.05	-77.85	870	0
CLEX	-25.51	0.00131	45.05	-77.85	700	0
CLEX	-25.46	0.00543	45.05	-77.85	680	0
CLEX	-25.32	0.00346	45.05	-77.85	510	0
CLEX	-25.15	0.00202	45.05	-77.85	850	0
CLEX	-25.13	0.003	45.05	-77.85	515	0
CLEX	-25.1	0.00176	45.05	-77.85	695	0
CLEX	-25.08	0.00641	45.05	-77.85	750	0
CLEX	-25.05	0.00421	45.05	-77.85	550	0
CLEX	-24.44	0.00073	45.05	-77.85	498	0
CLEX	-24.43	0.00144	45.05	-77.85	620	0
CLEX	-24.34	0.0038	45.05	-77.85	600	0
CLEX	-24.22	0.00059	45.05	-77.85	520	0
CLEX	-24.13	0.00562	45.05	-77.85	920	0
CLEX	-24.08	0.001	45.05	-77.85	500	0
CLEX	-23.96	0.0042	45.05	-77.85	696	0
CLEX	-23.89	0.03821	45.05	-77.85	780	0
CLEX	-23.8	0.00146	45.05	-77.85	740	0
CLEX	-23.68	0.00065	45.05	-77.85	670	0
CLEX	-23.56	0.02598	45.05	-77.85	640	0
CLEX	-23.51	0.00074	45.05	-77.85	637	0
CLEX	-23.15	0.00143	45.05	-77.85	520	0
CLEX	-23.03	0.00191	45.05	-77.85	825	0
CLEX	-22.58	0.00563	45.05	-77.85	690	0
CLEX	-22.37	0.00039	45.05	-77.85	700	0
CLEX	-22.02	0.00447	45.05	-77.85	576	0
CLEX	-21.94	0.00234	45.05	-77.85	690	0
CLEX	-21.8	0.00499	45.05	-77.85	575	0
CLEX	-21.53	0.00363	45.05	-77.85	580	0
CLEX	-21.09	0.0025	45.05	-77.85	780	0
CLEX	-21.01	0.00258	45.05	-77.85	525	0
CLEX	-20.26	0.00163	45.05	-77.85	740	0
CLEX	-19.75	0.00294	45.05	-77.85	605	0
CLEX	-19.62	0.00527	45.05	-77.85	580	0
CLEX	-18.3	0.00333	45.05	-77.85	700	0
CLEX	-18.16	0.00355	45.05	-77.85	680	0
CLEX	-17.48	0.00395	45.05	-77.85	628	0
CLEX	-17.34	0.00438	45.05	-77.85	750	0
CLEX	-17.29	0.00207	45.05	-77.85	645	0
CLEX	-17.06	0.00229	45.05	-77.85	750	0
CLEX	-16.12	0.00274	45.05	-77.85	625	0
CLEX	-15.84	0.00394	45.05	-77.85	840	0
CLEX	-15.41	0.00357	45.05	-77.85	532	0
CLEX	-14.51	0.00338	45.05	-77.85	532	0
CLEX	-14.36	0.0023	45.05	-77.85	790	0
Yin	-15	0.00147	39.91	116.4	1000	0
Yin	-15	0.0012	36.6806	101.7731	1000	0
Yin	-15	0.0009	35.967	106.983	1000	0
Yin	-15	0.0036	35	102	1000	0
Yin	-15	0.003	40	114	1000	0
Yin	-20	0.0759	39.91	116.4	1000	0
Yin	-20	0.0036	36.6806	101.7731	1000	0
Yin	-20	0.0068	35.967	106.983	1000	0
Yin	-20	0.0242	35	102	1000	0
Yin	-20	0.0174	40	114	1000	0
Yin	-25	0.627	39.91	116.4	1000	0
Yin	-25	0.0192	36.6806	101.7731	1000	0
Yin	-25	0.073	35.967	106.983	1000	0
Yin	-25	0.087	35	102	1000	0
Yin	-25	0.0488	40	114	1000	0
Yin	-30	0.89	39.91	116.4	1000	0
Yin	-30	0.0929	36.6806	101.7731	1000	0
Yin	-30	0.203	35.967	106.983	1000	0
Yin	-30	0.1969	35	102	1000	0
Yin	-30	0.89	37.066	114.4833	1000	0
Yin	-30	0.1667	40	114	1000	0
R. H. Mason	-15	0.0001	50.03	-122.55	1000	Whistler Mountain
R. H. Mason	-20	0.0002	50.03	-122.55	1000	Whistler Mountain
R. H. Mason	-25	0.001	50.03	-122.55	1000	Whistler Mountain
R. H. Mason	-15	0.0002	48.56	-125.32	1000	Amphitrite Point
R. H. Mason	-20	0.001	48.56	-125.32	1000	Amphitrite Point
R. H. Mason	-25	0.002	48.56	-125.32	1000	Amphitrite Point
R. H. Mason	-15	0.0002	48.43	2.27	1000	Saclay, France
R. H. Mason	-20	0.001	48.43	2.27	1000	Saclay, France
R. H. Mason	-25	0.004	48.43	2.27	1000	Saclay, France
R. H. Mason	-15	0.0002	49.15	-123.15	1000	UBC campus
R. H. Mason	-20	0.002	49.15	-123.15	1000	UBC campus
R. H. Mason	-25	0.006	49.15	-123.15	1000	UBC campus
R. H. Mason	-15	0.0005	39.23	-101.02	1000	Colby, KS
R. H. Mason	-20	0.001	39.23	-101.02	1000	Colby, KS
R. H. Mason	-25	0.01	39.23	-101.02	1000	Colby, KS
Conen_JFJ	-7	4.59e-07	46.3	7.6	700	BACCHUS_data
Conen_JFJ	-8	1.52e-06	46.3	7.6	700	BACCHUS_data
Conen_JFJ	-9	2.88e-06	46.3	7.6	700	BACCHUS_data
Conen_JFJ	-10	3.64e-06	46.3	7.6	700	BACCHUS_data
Conen_JFJ	-11	4.76e-06	46.3	7.6	700	BACCHUS_data
Conen_JFJ	-12	6.50e-06	46.3	7.6	700	BACCHUS_data
Conen_chaumont	-6	3.96e-07	47	6.58	900	BACCHUS_data
Conen_chaumont	-7	3.02e-06	47	6.58	900	BACCHUS_data
Conen_chaumont	-8	8.91e-06	47	6.58	900	BACCHUS_data
Conen_chaumont	-9	1.23e-05	47	6.58	900	BACCHUS_data
Conen_chaumont	-10	1.71e-05	47	6.58	900	BACCHUS_data
Conen_chaumont	-11	2.06e-05	47	6.58	900	BACCHUS_data
Conen_chaumont	-12	2.94e-05	47	6.58	900	BACCHUS_data
KAD_South_Pole	-26.0	0.02601	-89.6	-92	1000	BACCHUS_data
KAD_South_Pole	-25.0	0.0129216666667	-89.6	-92	1000	BACCHUS_data
KAD_South_Pole	-24.0	0.00426416666667	-89.6	-92	1000	BACCHUS_data
KAD_South_Pole	-23.0	0.00169166666667	-89.6	-92	1000	BACCHUS_data
KAD_South_Pole	-22.0	0.000996	-89.6	-92	1000	BACCHUS_data
KAD_South_Pole	-21.0	0.0007	-89.6	-92	1000	BACCHUS_data
KAD_South_Pole	-20.0	0.000356666666667	-89.6	-92	1000	BACCHUS_data
KAD_South_Pole	-19.0	0.000224	-89.6	-92	1000	BACCHUS_data
KAD_Israel	-27.0	0.2223	32	34.5	1000	BACCHUS_data
KAD_Israel	-26.0	0.1141	32	34.5	1000	BACCHUS_data
KAD_Israel	-25.0	0.17719	32	34.5	1000	BACCHUS_data
KAD_Israel	-24.0	0.130035714286	32	34.5	1000	BACCHUS_data
KAD_Israel	-23.0	0.0810529411765	32	34.5	1000	BACCHUS_data
KAD_Israel	-22.0	0.0480789473684	32	34.5	1000	BACCHUS_data
KAD_Israel	-21.0	0.0270315789474	32	34.5	1000	BACCHUS_data
KAD_Israel	-20.0	0.0156631578947	32	34.5	1000	BACCHUS_data
KAD_Israel	-19.0	0.00867222222222	32	34.5	1000	BACCHUS_data
KAD_Israel	-18.0	0.00483529411765	32	34.5	1000	BACCHUS_data
KAD_Israel	-17.0	0.00342857142857	32	34.5	1000	BACCHUS_data
KAD_Israel	-16.0	0.00217692307692	32	34.5	1000	BACCHUS_data
KAD_Israel	-15.0	0.00251666666667	32	34.5	1000	BACCHUS_data
KAD_Israel	-14.0	0.0021	32	34.5	1000	BACCHUS_data
KAD_Israel	-13.0	0.000733333333333	32	34.5	1000	BACCHUS_data
KAD_Israel	-12.0	0.0006	32	34.5	1000	BACCHUS_data
R. H. Mason	-15	0.00004	82.30	-62.20	1000	Alert, NU
R. H. Mason	-20	0.0002	82.30	-62.20	1000	Alert, NU
R. H. Mason	-25	0.001	82.30	-62.20	1000	Alert, NU
